{
 "cells": [
  {
   "cell_type": "code",
   "execution_count": 1,
   "metadata": {},
   "outputs": [],
   "source": [
    "# in addition to expected return, mean-variance optimisation, the basis for portfolio optimisation practice, \n",
    "# requires a risk model, a parameter for quantifying the asset risk. The covariance matrix is one of the \n",
    "# most important, a statistical entity that describes the volatility of assets returns and how they vary\n",
    "# with one another. The principlle of diversification states that risk can be reduced by making many \n",
    "# uncorrelated bets, and this makes the covariance matrix a fundamental input for Markowitz-derived models"
   ]
  },
  {
   "cell_type": "code",
   "execution_count": 2,
   "metadata": {},
   "outputs": [],
   "source": [
    "# as the case of returns, we also need to rely on historical data, one inevitable assumption in optimisation. \n",
    "# accordint to PyPortfolioOpt documentation, \"the most straighforward approach is just calculate the sample \n",
    "# covariance matrix based on historical returns, but relatively recent (post-2000) research indicates that there \n",
    "# are much more robust statistical estimators of the covariance matrix. In addition to proving a wrapper around\n",
    "# the estimators in sklearn, PyPortfolioOpt provides some experimental alternatives such as \n",
    "# semicovariance and exponentially weighted covariance\". Let's explore with our portfolio of Brazilian stocks. "
   ]
  },
  {
   "cell_type": "code",
   "execution_count": 3,
   "metadata": {},
   "outputs": [],
   "source": [
    "# the risk_models module provides functions for estimating the covariance matrix taking as input \n",
    "# historical returns. "
   ]
  },
  {
   "cell_type": "code",
   "execution_count": 10,
   "metadata": {},
   "outputs": [],
   "source": [
    "import pandas as pd\n",
    "import numpy as np\n",
    "import cvxpy as cp\n",
    "from pypfopt import risk_models\n",
    "from pypfopt import expected_returns\n",
    "from pypfopt import EfficientFrontier\n",
    "from pypfopt import objective_functions\n",
    "from pypfopt.discrete_allocation import DiscreteAllocation, get_latest_prices\n",
    "from pypfopt import HRPOpt\n",
    "from pypfopt import CLA\n",
    "from pypfopt import black_litterman\n",
    "from pypfopt import BlackLittermanModel\n",
    "from pypfopt import plotting"
   ]
  },
  {
   "cell_type": "code",
   "execution_count": 11,
   "metadata": {},
   "outputs": [
    {
     "data": {
      "text/html": [
       "<div>\n",
       "<style scoped>\n",
       "    .dataframe tbody tr th:only-of-type {\n",
       "        vertical-align: middle;\n",
       "    }\n",
       "\n",
       "    .dataframe tbody tr th {\n",
       "        vertical-align: top;\n",
       "    }\n",
       "\n",
       "    .dataframe thead th {\n",
       "        text-align: right;\n",
       "    }\n",
       "</style>\n",
       "<table border=\"1\" class=\"dataframe\">\n",
       "  <thead>\n",
       "    <tr style=\"text-align: right;\">\n",
       "      <th></th>\n",
       "      <th>ITSA4</th>\n",
       "      <th>GOAU4</th>\n",
       "      <th>CMIG3</th>\n",
       "      <th>PETR4</th>\n",
       "      <th>TOTS3</th>\n",
       "      <th>USIM5</th>\n",
       "      <th>LAME4</th>\n",
       "      <th>BBAS3</th>\n",
       "      <th>CIEL3</th>\n",
       "      <th>LIGT3</th>\n",
       "      <th>ABEV3</th>\n",
       "      <th>KLBN11</th>\n",
       "      <th>VVAR3</th>\n",
       "      <th>CVCB3</th>\n",
       "      <th>GOLL4</th>\n",
       "      <th>EMBR3</th>\n",
       "      <th>CSNA3</th>\n",
       "    </tr>\n",
       "    <tr>\n",
       "      <th>Date</th>\n",
       "      <th></th>\n",
       "      <th></th>\n",
       "      <th></th>\n",
       "      <th></th>\n",
       "      <th></th>\n",
       "      <th></th>\n",
       "      <th></th>\n",
       "      <th></th>\n",
       "      <th></th>\n",
       "      <th></th>\n",
       "      <th></th>\n",
       "      <th></th>\n",
       "      <th></th>\n",
       "      <th></th>\n",
       "      <th></th>\n",
       "      <th></th>\n",
       "      <th></th>\n",
       "    </tr>\n",
       "  </thead>\n",
       "  <tbody>\n",
       "    <tr>\n",
       "      <th>2015-10-26</th>\n",
       "      <td>4.337310</td>\n",
       "      <td>2.629987</td>\n",
       "      <td>4.889023</td>\n",
       "      <td>7.282466</td>\n",
       "      <td>32.969135</td>\n",
       "      <td>2.948654</td>\n",
       "      <td>14.489809</td>\n",
       "      <td>12.885270</td>\n",
       "      <td>21.604973</td>\n",
       "      <td>12.372133</td>\n",
       "      <td>17.280500</td>\n",
       "      <td>19.230658</td>\n",
       "      <td>3.310584</td>\n",
       "      <td>13.152596</td>\n",
       "      <td>3.55</td>\n",
       "      <td>25.767944</td>\n",
       "      <td>4.115990</td>\n",
       "    </tr>\n",
       "    <tr>\n",
       "      <th>2015-10-27</th>\n",
       "      <td>4.301952</td>\n",
       "      <td>2.516463</td>\n",
       "      <td>4.774228</td>\n",
       "      <td>7.050539</td>\n",
       "      <td>33.044613</td>\n",
       "      <td>2.948654</td>\n",
       "      <td>14.449583</td>\n",
       "      <td>13.058755</td>\n",
       "      <td>21.803387</td>\n",
       "      <td>12.225429</td>\n",
       "      <td>17.394650</td>\n",
       "      <td>19.053841</td>\n",
       "      <td>3.310584</td>\n",
       "      <td>12.932006</td>\n",
       "      <td>3.56</td>\n",
       "      <td>26.999142</td>\n",
       "      <td>4.082797</td>\n",
       "    </tr>\n",
       "    <tr>\n",
       "      <th>2015-10-28</th>\n",
       "      <td>4.272487</td>\n",
       "      <td>2.450240</td>\n",
       "      <td>4.855263</td>\n",
       "      <td>7.375236</td>\n",
       "      <td>32.081654</td>\n",
       "      <td>2.822561</td>\n",
       "      <td>14.425447</td>\n",
       "      <td>12.837956</td>\n",
       "      <td>21.489256</td>\n",
       "      <td>12.117845</td>\n",
       "      <td>17.245377</td>\n",
       "      <td>18.854654</td>\n",
       "      <td>2.803557</td>\n",
       "      <td>13.400757</td>\n",
       "      <td>3.56</td>\n",
       "      <td>26.970060</td>\n",
       "      <td>4.016410</td>\n",
       "    </tr>\n",
       "    <tr>\n",
       "      <th>2015-10-29</th>\n",
       "      <td>4.207663</td>\n",
       "      <td>2.374557</td>\n",
       "      <td>4.747219</td>\n",
       "      <td>7.059817</td>\n",
       "      <td>31.430193</td>\n",
       "      <td>2.725565</td>\n",
       "      <td>13.572176</td>\n",
       "      <td>12.222869</td>\n",
       "      <td>20.557831</td>\n",
       "      <td>12.078724</td>\n",
       "      <td>16.683409</td>\n",
       "      <td>18.524618</td>\n",
       "      <td>2.475481</td>\n",
       "      <td>13.327228</td>\n",
       "      <td>3.49</td>\n",
       "      <td>27.183344</td>\n",
       "      <td>3.576597</td>\n",
       "    </tr>\n",
       "    <tr>\n",
       "      <th>2015-10-30</th>\n",
       "      <td>4.243021</td>\n",
       "      <td>2.459701</td>\n",
       "      <td>4.835006</td>\n",
       "      <td>7.152587</td>\n",
       "      <td>32.261009</td>\n",
       "      <td>2.696467</td>\n",
       "      <td>13.451403</td>\n",
       "      <td>12.593497</td>\n",
       "      <td>20.144411</td>\n",
       "      <td>12.548180</td>\n",
       "      <td>16.762438</td>\n",
       "      <td>18.558466</td>\n",
       "      <td>2.883091</td>\n",
       "      <td>13.419142</td>\n",
       "      <td>3.55</td>\n",
       "      <td>27.416006</td>\n",
       "      <td>3.601491</td>\n",
       "    </tr>\n",
       "  </tbody>\n",
       "</table>\n",
       "</div>"
      ],
      "text/plain": [
       "               ITSA4     GOAU4     CMIG3     PETR4      TOTS3     USIM5  \\\n",
       "Date                                                                      \n",
       "2015-10-26  4.337310  2.629987  4.889023  7.282466  32.969135  2.948654   \n",
       "2015-10-27  4.301952  2.516463  4.774228  7.050539  33.044613  2.948654   \n",
       "2015-10-28  4.272487  2.450240  4.855263  7.375236  32.081654  2.822561   \n",
       "2015-10-29  4.207663  2.374557  4.747219  7.059817  31.430193  2.725565   \n",
       "2015-10-30  4.243021  2.459701  4.835006  7.152587  32.261009  2.696467   \n",
       "\n",
       "                LAME4      BBAS3      CIEL3      LIGT3      ABEV3     KLBN11  \\\n",
       "Date                                                                           \n",
       "2015-10-26  14.489809  12.885270  21.604973  12.372133  17.280500  19.230658   \n",
       "2015-10-27  14.449583  13.058755  21.803387  12.225429  17.394650  19.053841   \n",
       "2015-10-28  14.425447  12.837956  21.489256  12.117845  17.245377  18.854654   \n",
       "2015-10-29  13.572176  12.222869  20.557831  12.078724  16.683409  18.524618   \n",
       "2015-10-30  13.451403  12.593497  20.144411  12.548180  16.762438  18.558466   \n",
       "\n",
       "               VVAR3      CVCB3  GOLL4      EMBR3     CSNA3  \n",
       "Date                                                         \n",
       "2015-10-26  3.310584  13.152596   3.55  25.767944  4.115990  \n",
       "2015-10-27  3.310584  12.932006   3.56  26.999142  4.082797  \n",
       "2015-10-28  2.803557  13.400757   3.56  26.970060  4.016410  \n",
       "2015-10-29  2.475481  13.327228   3.49  27.183344  3.576597  \n",
       "2015-10-30  2.883091  13.419142   3.55  27.416006  3.601491  "
      ]
     },
     "execution_count": 11,
     "metadata": {},
     "output_type": "execute_result"
    }
   ],
   "source": [
    "df = pd.read_csv(\"br_stocks.csv\", parse_dates=True, index_col=\"Date\")\n",
    "df.head()"
   ]
  },
  {
   "cell_type": "code",
   "execution_count": 14,
   "metadata": {},
   "outputs": [
    {
     "data": {
      "text/html": [
       "<div>\n",
       "<style scoped>\n",
       "    .dataframe tbody tr th:only-of-type {\n",
       "        vertical-align: middle;\n",
       "    }\n",
       "\n",
       "    .dataframe tbody tr th {\n",
       "        vertical-align: top;\n",
       "    }\n",
       "\n",
       "    .dataframe thead th {\n",
       "        text-align: right;\n",
       "    }\n",
       "</style>\n",
       "<table border=\"1\" class=\"dataframe\">\n",
       "  <thead>\n",
       "    <tr style=\"text-align: right;\">\n",
       "      <th></th>\n",
       "      <th>ITSA4</th>\n",
       "      <th>GOAU4</th>\n",
       "      <th>CMIG3</th>\n",
       "      <th>PETR4</th>\n",
       "      <th>TOTS3</th>\n",
       "      <th>USIM5</th>\n",
       "      <th>LAME4</th>\n",
       "      <th>BBAS3</th>\n",
       "      <th>CIEL3</th>\n",
       "      <th>LIGT3</th>\n",
       "      <th>ABEV3</th>\n",
       "      <th>KLBN11</th>\n",
       "      <th>VVAR3</th>\n",
       "      <th>CVCB3</th>\n",
       "      <th>GOLL4</th>\n",
       "      <th>EMBR3</th>\n",
       "      <th>CSNA3</th>\n",
       "    </tr>\n",
       "    <tr>\n",
       "      <th>Date</th>\n",
       "      <th></th>\n",
       "      <th></th>\n",
       "      <th></th>\n",
       "      <th></th>\n",
       "      <th></th>\n",
       "      <th></th>\n",
       "      <th></th>\n",
       "      <th></th>\n",
       "      <th></th>\n",
       "      <th></th>\n",
       "      <th></th>\n",
       "      <th></th>\n",
       "      <th></th>\n",
       "      <th></th>\n",
       "      <th></th>\n",
       "      <th></th>\n",
       "      <th></th>\n",
       "    </tr>\n",
       "  </thead>\n",
       "  <tbody>\n",
       "    <tr>\n",
       "      <th>2015-10-27</th>\n",
       "      <td>-0.008152</td>\n",
       "      <td>-0.043165</td>\n",
       "      <td>-0.023480</td>\n",
       "      <td>-0.031847</td>\n",
       "      <td>0.002289</td>\n",
       "      <td>0.000000</td>\n",
       "      <td>-0.002776</td>\n",
       "      <td>0.013464</td>\n",
       "      <td>0.009184</td>\n",
       "      <td>-0.011858</td>\n",
       "      <td>0.006606</td>\n",
       "      <td>-0.009195</td>\n",
       "      <td>0.000000</td>\n",
       "      <td>-0.016772</td>\n",
       "      <td>0.002817</td>\n",
       "      <td>0.047780</td>\n",
       "      <td>-0.008064</td>\n",
       "    </tr>\n",
       "    <tr>\n",
       "      <th>2015-10-28</th>\n",
       "      <td>-0.006849</td>\n",
       "      <td>-0.026316</td>\n",
       "      <td>0.016973</td>\n",
       "      <td>0.046053</td>\n",
       "      <td>-0.029141</td>\n",
       "      <td>-0.042763</td>\n",
       "      <td>-0.001670</td>\n",
       "      <td>-0.016908</td>\n",
       "      <td>-0.014407</td>\n",
       "      <td>-0.008800</td>\n",
       "      <td>-0.008582</td>\n",
       "      <td>-0.010454</td>\n",
       "      <td>-0.153153</td>\n",
       "      <td>0.036247</td>\n",
       "      <td>0.000000</td>\n",
       "      <td>-0.001077</td>\n",
       "      <td>-0.016260</td>\n",
       "    </tr>\n",
       "    <tr>\n",
       "      <th>2015-10-29</th>\n",
       "      <td>-0.015172</td>\n",
       "      <td>-0.030888</td>\n",
       "      <td>-0.022253</td>\n",
       "      <td>-0.042767</td>\n",
       "      <td>-0.020306</td>\n",
       "      <td>-0.034365</td>\n",
       "      <td>-0.059150</td>\n",
       "      <td>-0.047912</td>\n",
       "      <td>-0.043344</td>\n",
       "      <td>-0.003228</td>\n",
       "      <td>-0.032587</td>\n",
       "      <td>-0.017504</td>\n",
       "      <td>-0.117021</td>\n",
       "      <td>-0.005487</td>\n",
       "      <td>-0.019663</td>\n",
       "      <td>0.007908</td>\n",
       "      <td>-0.109504</td>\n",
       "    </tr>\n",
       "    <tr>\n",
       "      <th>2015-10-30</th>\n",
       "      <td>0.008403</td>\n",
       "      <td>0.035857</td>\n",
       "      <td>0.018492</td>\n",
       "      <td>0.013141</td>\n",
       "      <td>0.026434</td>\n",
       "      <td>-0.010676</td>\n",
       "      <td>-0.008899</td>\n",
       "      <td>0.030323</td>\n",
       "      <td>-0.020110</td>\n",
       "      <td>0.038866</td>\n",
       "      <td>0.004737</td>\n",
       "      <td>0.001827</td>\n",
       "      <td>0.164659</td>\n",
       "      <td>0.006897</td>\n",
       "      <td>0.017192</td>\n",
       "      <td>0.008559</td>\n",
       "      <td>0.006960</td>\n",
       "    </tr>\n",
       "    <tr>\n",
       "      <th>2015-11-03</th>\n",
       "      <td>0.043055</td>\n",
       "      <td>0.080769</td>\n",
       "      <td>0.055866</td>\n",
       "      <td>0.099870</td>\n",
       "      <td>0.067309</td>\n",
       "      <td>0.053957</td>\n",
       "      <td>0.073010</td>\n",
       "      <td>0.088291</td>\n",
       "      <td>0.033654</td>\n",
       "      <td>0.009353</td>\n",
       "      <td>0.026716</td>\n",
       "      <td>0.057912</td>\n",
       "      <td>0.103448</td>\n",
       "      <td>0.027397</td>\n",
       "      <td>0.030986</td>\n",
       "      <td>0.040311</td>\n",
       "      <td>0.165899</td>\n",
       "    </tr>\n",
       "    <tr>\n",
       "      <th>2015-11-04</th>\n",
       "      <td>0.006658</td>\n",
       "      <td>-0.035587</td>\n",
       "      <td>0.030424</td>\n",
       "      <td>-0.047170</td>\n",
       "      <td>-0.028516</td>\n",
       "      <td>-0.006826</td>\n",
       "      <td>-0.011155</td>\n",
       "      <td>0.004028</td>\n",
       "      <td>-0.015353</td>\n",
       "      <td>0.027027</td>\n",
       "      <td>0.000000</td>\n",
       "      <td>-0.008621</td>\n",
       "      <td>-0.015625</td>\n",
       "      <td>0.006667</td>\n",
       "      <td>0.010929</td>\n",
       "      <td>-0.038069</td>\n",
       "      <td>-0.019763</td>\n",
       "    </tr>\n",
       "    <tr>\n",
       "      <th>2015-11-05</th>\n",
       "      <td>0.015873</td>\n",
       "      <td>0.000000</td>\n",
       "      <td>0.023106</td>\n",
       "      <td>0.003713</td>\n",
       "      <td>0.037257</td>\n",
       "      <td>-0.003437</td>\n",
       "      <td>0.021997</td>\n",
       "      <td>0.048710</td>\n",
       "      <td>0.020164</td>\n",
       "      <td>-0.030075</td>\n",
       "      <td>-0.007143</td>\n",
       "      <td>-0.017391</td>\n",
       "      <td>-0.123810</td>\n",
       "      <td>0.006623</td>\n",
       "      <td>0.027027</td>\n",
       "      <td>0.009541</td>\n",
       "      <td>-0.002016</td>\n",
       "    </tr>\n",
       "    <tr>\n",
       "      <th>2015-11-06</th>\n",
       "      <td>-0.023437</td>\n",
       "      <td>-0.036900</td>\n",
       "      <td>-0.066499</td>\n",
       "      <td>-0.035758</td>\n",
       "      <td>-0.005169</td>\n",
       "      <td>-0.044828</td>\n",
       "      <td>-0.043599</td>\n",
       "      <td>-0.049180</td>\n",
       "      <td>-0.012912</td>\n",
       "      <td>-0.034884</td>\n",
       "      <td>-0.025180</td>\n",
       "      <td>0.001770</td>\n",
       "      <td>0.000000</td>\n",
       "      <td>-0.032895</td>\n",
       "      <td>-0.047368</td>\n",
       "      <td>-0.016101</td>\n",
       "      <td>0.010101</td>\n",
       "    </tr>\n",
       "    <tr>\n",
       "      <th>2015-11-09</th>\n",
       "      <td>-0.020000</td>\n",
       "      <td>0.007663</td>\n",
       "      <td>-0.005376</td>\n",
       "      <td>0.011509</td>\n",
       "      <td>0.009298</td>\n",
       "      <td>-0.018050</td>\n",
       "      <td>-0.001153</td>\n",
       "      <td>-0.013793</td>\n",
       "      <td>-0.022423</td>\n",
       "      <td>0.020884</td>\n",
       "      <td>-0.014233</td>\n",
       "      <td>-0.015901</td>\n",
       "      <td>-0.003623</td>\n",
       "      <td>0.000000</td>\n",
       "      <td>-0.019337</td>\n",
       "      <td>-0.012807</td>\n",
       "      <td>0.012000</td>\n",
       "    </tr>\n",
       "    <tr>\n",
       "      <th>2015-11-10</th>\n",
       "      <td>0.000000</td>\n",
       "      <td>-0.030418</td>\n",
       "      <td>0.013513</td>\n",
       "      <td>-0.037927</td>\n",
       "      <td>-0.011382</td>\n",
       "      <td>-0.007353</td>\n",
       "      <td>-0.007513</td>\n",
       "      <td>-0.001748</td>\n",
       "      <td>0.010649</td>\n",
       "      <td>0.044847</td>\n",
       "      <td>-0.002674</td>\n",
       "      <td>0.006733</td>\n",
       "      <td>0.000000</td>\n",
       "      <td>0.003401</td>\n",
       "      <td>-0.019718</td>\n",
       "      <td>0.000000</td>\n",
       "      <td>0.019763</td>\n",
       "    </tr>\n",
       "  </tbody>\n",
       "</table>\n",
       "</div>"
      ],
      "text/plain": [
       "               ITSA4     GOAU4     CMIG3     PETR4     TOTS3     USIM5  \\\n",
       "Date                                                                     \n",
       "2015-10-27 -0.008152 -0.043165 -0.023480 -0.031847  0.002289  0.000000   \n",
       "2015-10-28 -0.006849 -0.026316  0.016973  0.046053 -0.029141 -0.042763   \n",
       "2015-10-29 -0.015172 -0.030888 -0.022253 -0.042767 -0.020306 -0.034365   \n",
       "2015-10-30  0.008403  0.035857  0.018492  0.013141  0.026434 -0.010676   \n",
       "2015-11-03  0.043055  0.080769  0.055866  0.099870  0.067309  0.053957   \n",
       "2015-11-04  0.006658 -0.035587  0.030424 -0.047170 -0.028516 -0.006826   \n",
       "2015-11-05  0.015873  0.000000  0.023106  0.003713  0.037257 -0.003437   \n",
       "2015-11-06 -0.023437 -0.036900 -0.066499 -0.035758 -0.005169 -0.044828   \n",
       "2015-11-09 -0.020000  0.007663 -0.005376  0.011509  0.009298 -0.018050   \n",
       "2015-11-10  0.000000 -0.030418  0.013513 -0.037927 -0.011382 -0.007353   \n",
       "\n",
       "               LAME4     BBAS3     CIEL3     LIGT3     ABEV3    KLBN11  \\\n",
       "Date                                                                     \n",
       "2015-10-27 -0.002776  0.013464  0.009184 -0.011858  0.006606 -0.009195   \n",
       "2015-10-28 -0.001670 -0.016908 -0.014407 -0.008800 -0.008582 -0.010454   \n",
       "2015-10-29 -0.059150 -0.047912 -0.043344 -0.003228 -0.032587 -0.017504   \n",
       "2015-10-30 -0.008899  0.030323 -0.020110  0.038866  0.004737  0.001827   \n",
       "2015-11-03  0.073010  0.088291  0.033654  0.009353  0.026716  0.057912   \n",
       "2015-11-04 -0.011155  0.004028 -0.015353  0.027027  0.000000 -0.008621   \n",
       "2015-11-05  0.021997  0.048710  0.020164 -0.030075 -0.007143 -0.017391   \n",
       "2015-11-06 -0.043599 -0.049180 -0.012912 -0.034884 -0.025180  0.001770   \n",
       "2015-11-09 -0.001153 -0.013793 -0.022423  0.020884 -0.014233 -0.015901   \n",
       "2015-11-10 -0.007513 -0.001748  0.010649  0.044847 -0.002674  0.006733   \n",
       "\n",
       "               VVAR3     CVCB3     GOLL4     EMBR3     CSNA3  \n",
       "Date                                                          \n",
       "2015-10-27  0.000000 -0.016772  0.002817  0.047780 -0.008064  \n",
       "2015-10-28 -0.153153  0.036247  0.000000 -0.001077 -0.016260  \n",
       "2015-10-29 -0.117021 -0.005487 -0.019663  0.007908 -0.109504  \n",
       "2015-10-30  0.164659  0.006897  0.017192  0.008559  0.006960  \n",
       "2015-11-03  0.103448  0.027397  0.030986  0.040311  0.165899  \n",
       "2015-11-04 -0.015625  0.006667  0.010929 -0.038069 -0.019763  \n",
       "2015-11-05 -0.123810  0.006623  0.027027  0.009541 -0.002016  \n",
       "2015-11-06  0.000000 -0.032895 -0.047368 -0.016101  0.010101  \n",
       "2015-11-09 -0.003623  0.000000 -0.019337 -0.012807  0.012000  \n",
       "2015-11-10  0.000000  0.003401 -0.019718  0.000000  0.019763  "
      ]
     },
     "execution_count": 14,
     "metadata": {},
     "output_type": "execute_result"
    }
   ],
   "source": [
    "returns = expected_returns.returns_from_prices(df)\n",
    "returns.head(10)"
   ]
  },
  {
   "cell_type": "code",
   "execution_count": 64,
   "metadata": {},
   "outputs": [
    {
     "data": {
      "text/html": [
       "<div>\n",
       "<style scoped>\n",
       "    .dataframe tbody tr th:only-of-type {\n",
       "        vertical-align: middle;\n",
       "    }\n",
       "\n",
       "    .dataframe tbody tr th {\n",
       "        vertical-align: top;\n",
       "    }\n",
       "\n",
       "    .dataframe thead th {\n",
       "        text-align: right;\n",
       "    }\n",
       "</style>\n",
       "<table border=\"1\" class=\"dataframe\">\n",
       "  <thead>\n",
       "    <tr style=\"text-align: right;\">\n",
       "      <th></th>\n",
       "      <th>ITSA4</th>\n",
       "      <th>GOAU4</th>\n",
       "      <th>CMIG3</th>\n",
       "      <th>PETR4</th>\n",
       "      <th>TOTS3</th>\n",
       "      <th>USIM5</th>\n",
       "      <th>LAME4</th>\n",
       "      <th>BBAS3</th>\n",
       "      <th>CIEL3</th>\n",
       "      <th>LIGT3</th>\n",
       "      <th>ABEV3</th>\n",
       "      <th>KLBN11</th>\n",
       "      <th>VVAR3</th>\n",
       "      <th>CVCB3</th>\n",
       "      <th>GOLL4</th>\n",
       "      <th>EMBR3</th>\n",
       "      <th>CSNA3</th>\n",
       "    </tr>\n",
       "  </thead>\n",
       "  <tbody>\n",
       "    <tr>\n",
       "      <th>ITSA4</th>\n",
       "      <td>0.106266</td>\n",
       "      <td>0.094993</td>\n",
       "      <td>0.098203</td>\n",
       "      <td>0.104835</td>\n",
       "      <td>0.050166</td>\n",
       "      <td>0.104282</td>\n",
       "      <td>0.075074</td>\n",
       "      <td>0.123885</td>\n",
       "      <td>0.067584</td>\n",
       "      <td>0.087071</td>\n",
       "      <td>0.044329</td>\n",
       "      <td>0.023509</td>\n",
       "      <td>0.081927</td>\n",
       "      <td>0.093132</td>\n",
       "      <td>0.142570</td>\n",
       "      <td>0.055744</td>\n",
       "      <td>0.102228</td>\n",
       "    </tr>\n",
       "    <tr>\n",
       "      <th>GOAU4</th>\n",
       "      <td>0.094993</td>\n",
       "      <td>0.328751</td>\n",
       "      <td>0.139799</td>\n",
       "      <td>0.177492</td>\n",
       "      <td>0.071271</td>\n",
       "      <td>0.274447</td>\n",
       "      <td>0.103135</td>\n",
       "      <td>0.154817</td>\n",
       "      <td>0.087976</td>\n",
       "      <td>0.125427</td>\n",
       "      <td>0.056984</td>\n",
       "      <td>0.047403</td>\n",
       "      <td>0.140966</td>\n",
       "      <td>0.128543</td>\n",
       "      <td>0.217926</td>\n",
       "      <td>0.075680</td>\n",
       "      <td>0.257616</td>\n",
       "    </tr>\n",
       "    <tr>\n",
       "      <th>CMIG3</th>\n",
       "      <td>0.098203</td>\n",
       "      <td>0.139799</td>\n",
       "      <td>0.240716</td>\n",
       "      <td>0.139415</td>\n",
       "      <td>0.066079</td>\n",
       "      <td>0.159084</td>\n",
       "      <td>0.104854</td>\n",
       "      <td>0.148635</td>\n",
       "      <td>0.079999</td>\n",
       "      <td>0.159106</td>\n",
       "      <td>0.055980</td>\n",
       "      <td>0.031726</td>\n",
       "      <td>0.118915</td>\n",
       "      <td>0.126809</td>\n",
       "      <td>0.214762</td>\n",
       "      <td>0.069165</td>\n",
       "      <td>0.151079</td>\n",
       "    </tr>\n",
       "    <tr>\n",
       "      <th>PETR4</th>\n",
       "      <td>0.104835</td>\n",
       "      <td>0.177492</td>\n",
       "      <td>0.139415</td>\n",
       "      <td>0.277875</td>\n",
       "      <td>0.073124</td>\n",
       "      <td>0.191634</td>\n",
       "      <td>0.114993</td>\n",
       "      <td>0.172577</td>\n",
       "      <td>0.092070</td>\n",
       "      <td>0.119288</td>\n",
       "      <td>0.058783</td>\n",
       "      <td>0.045892</td>\n",
       "      <td>0.119123</td>\n",
       "      <td>0.137196</td>\n",
       "      <td>0.219356</td>\n",
       "      <td>0.080450</td>\n",
       "      <td>0.199364</td>\n",
       "    </tr>\n",
       "    <tr>\n",
       "      <th>TOTS3</th>\n",
       "      <td>0.050166</td>\n",
       "      <td>0.071271</td>\n",
       "      <td>0.066079</td>\n",
       "      <td>0.073124</td>\n",
       "      <td>0.240080</td>\n",
       "      <td>0.065111</td>\n",
       "      <td>0.065522</td>\n",
       "      <td>0.075296</td>\n",
       "      <td>0.072754</td>\n",
       "      <td>0.056432</td>\n",
       "      <td>0.036927</td>\n",
       "      <td>0.027804</td>\n",
       "      <td>0.074328</td>\n",
       "      <td>0.074532</td>\n",
       "      <td>0.108289</td>\n",
       "      <td>0.051181</td>\n",
       "      <td>0.076359</td>\n",
       "    </tr>\n",
       "    <tr>\n",
       "      <th>USIM5</th>\n",
       "      <td>0.104282</td>\n",
       "      <td>0.274447</td>\n",
       "      <td>0.159084</td>\n",
       "      <td>0.191634</td>\n",
       "      <td>0.065111</td>\n",
       "      <td>0.433124</td>\n",
       "      <td>0.115517</td>\n",
       "      <td>0.175969</td>\n",
       "      <td>0.102846</td>\n",
       "      <td>0.141380</td>\n",
       "      <td>0.056395</td>\n",
       "      <td>0.044733</td>\n",
       "      <td>0.152370</td>\n",
       "      <td>0.143734</td>\n",
       "      <td>0.270876</td>\n",
       "      <td>0.074938</td>\n",
       "      <td>0.294184</td>\n",
       "    </tr>\n",
       "    <tr>\n",
       "      <th>LAME4</th>\n",
       "      <td>0.075074</td>\n",
       "      <td>0.103135</td>\n",
       "      <td>0.104854</td>\n",
       "      <td>0.114993</td>\n",
       "      <td>0.065522</td>\n",
       "      <td>0.115517</td>\n",
       "      <td>0.179010</td>\n",
       "      <td>0.114198</td>\n",
       "      <td>0.079862</td>\n",
       "      <td>0.084227</td>\n",
       "      <td>0.053773</td>\n",
       "      <td>0.037566</td>\n",
       "      <td>0.129063</td>\n",
       "      <td>0.121231</td>\n",
       "      <td>0.157290</td>\n",
       "      <td>0.052131</td>\n",
       "      <td>0.115123</td>\n",
       "    </tr>\n",
       "    <tr>\n",
       "      <th>BBAS3</th>\n",
       "      <td>0.123885</td>\n",
       "      <td>0.154817</td>\n",
       "      <td>0.148635</td>\n",
       "      <td>0.172577</td>\n",
       "      <td>0.075296</td>\n",
       "      <td>0.175969</td>\n",
       "      <td>0.114198</td>\n",
       "      <td>0.227995</td>\n",
       "      <td>0.095646</td>\n",
       "      <td>0.131219</td>\n",
       "      <td>0.055649</td>\n",
       "      <td>0.030508</td>\n",
       "      <td>0.138464</td>\n",
       "      <td>0.143079</td>\n",
       "      <td>0.216086</td>\n",
       "      <td>0.073787</td>\n",
       "      <td>0.159577</td>\n",
       "    </tr>\n",
       "    <tr>\n",
       "      <th>CIEL3</th>\n",
       "      <td>0.067584</td>\n",
       "      <td>0.087976</td>\n",
       "      <td>0.079999</td>\n",
       "      <td>0.092070</td>\n",
       "      <td>0.072754</td>\n",
       "      <td>0.102846</td>\n",
       "      <td>0.079862</td>\n",
       "      <td>0.095646</td>\n",
       "      <td>0.223958</td>\n",
       "      <td>0.084380</td>\n",
       "      <td>0.052282</td>\n",
       "      <td>0.026414</td>\n",
       "      <td>0.091474</td>\n",
       "      <td>0.089493</td>\n",
       "      <td>0.135835</td>\n",
       "      <td>0.062857</td>\n",
       "      <td>0.097090</td>\n",
       "    </tr>\n",
       "    <tr>\n",
       "      <th>LIGT3</th>\n",
       "      <td>0.087071</td>\n",
       "      <td>0.125427</td>\n",
       "      <td>0.159106</td>\n",
       "      <td>0.119288</td>\n",
       "      <td>0.056432</td>\n",
       "      <td>0.141380</td>\n",
       "      <td>0.084227</td>\n",
       "      <td>0.131219</td>\n",
       "      <td>0.084380</td>\n",
       "      <td>0.287086</td>\n",
       "      <td>0.051788</td>\n",
       "      <td>0.025331</td>\n",
       "      <td>0.138131</td>\n",
       "      <td>0.133126</td>\n",
       "      <td>0.208813</td>\n",
       "      <td>0.069075</td>\n",
       "      <td>0.121305</td>\n",
       "    </tr>\n",
       "    <tr>\n",
       "      <th>ABEV3</th>\n",
       "      <td>0.044329</td>\n",
       "      <td>0.056984</td>\n",
       "      <td>0.055980</td>\n",
       "      <td>0.058783</td>\n",
       "      <td>0.036927</td>\n",
       "      <td>0.056395</td>\n",
       "      <td>0.053773</td>\n",
       "      <td>0.055649</td>\n",
       "      <td>0.052282</td>\n",
       "      <td>0.051788</td>\n",
       "      <td>0.077112</td>\n",
       "      <td>0.027542</td>\n",
       "      <td>0.053780</td>\n",
       "      <td>0.073001</td>\n",
       "      <td>0.090850</td>\n",
       "      <td>0.045628</td>\n",
       "      <td>0.063757</td>\n",
       "    </tr>\n",
       "    <tr>\n",
       "      <th>KLBN11</th>\n",
       "      <td>0.023509</td>\n",
       "      <td>0.047403</td>\n",
       "      <td>0.031726</td>\n",
       "      <td>0.045892</td>\n",
       "      <td>0.027804</td>\n",
       "      <td>0.044733</td>\n",
       "      <td>0.037566</td>\n",
       "      <td>0.030508</td>\n",
       "      <td>0.026414</td>\n",
       "      <td>0.025331</td>\n",
       "      <td>0.027542</td>\n",
       "      <td>0.107001</td>\n",
       "      <td>0.051576</td>\n",
       "      <td>0.038653</td>\n",
       "      <td>0.039819</td>\n",
       "      <td>0.042670</td>\n",
       "      <td>0.053184</td>\n",
       "    </tr>\n",
       "    <tr>\n",
       "      <th>VVAR3</th>\n",
       "      <td>0.081927</td>\n",
       "      <td>0.140966</td>\n",
       "      <td>0.118915</td>\n",
       "      <td>0.119123</td>\n",
       "      <td>0.074328</td>\n",
       "      <td>0.152370</td>\n",
       "      <td>0.129063</td>\n",
       "      <td>0.138464</td>\n",
       "      <td>0.091474</td>\n",
       "      <td>0.138131</td>\n",
       "      <td>0.053780</td>\n",
       "      <td>0.051576</td>\n",
       "      <td>0.559256</td>\n",
       "      <td>0.157768</td>\n",
       "      <td>0.203400</td>\n",
       "      <td>0.082537</td>\n",
       "      <td>0.156807</td>\n",
       "    </tr>\n",
       "    <tr>\n",
       "      <th>CVCB3</th>\n",
       "      <td>0.093132</td>\n",
       "      <td>0.128543</td>\n",
       "      <td>0.126809</td>\n",
       "      <td>0.137196</td>\n",
       "      <td>0.074532</td>\n",
       "      <td>0.143734</td>\n",
       "      <td>0.121231</td>\n",
       "      <td>0.143079</td>\n",
       "      <td>0.089493</td>\n",
       "      <td>0.133126</td>\n",
       "      <td>0.073001</td>\n",
       "      <td>0.038653</td>\n",
       "      <td>0.157768</td>\n",
       "      <td>0.331533</td>\n",
       "      <td>0.251815</td>\n",
       "      <td>0.093488</td>\n",
       "      <td>0.127681</td>\n",
       "    </tr>\n",
       "    <tr>\n",
       "      <th>GOLL4</th>\n",
       "      <td>0.142570</td>\n",
       "      <td>0.217926</td>\n",
       "      <td>0.214762</td>\n",
       "      <td>0.219356</td>\n",
       "      <td>0.108289</td>\n",
       "      <td>0.270876</td>\n",
       "      <td>0.157290</td>\n",
       "      <td>0.216086</td>\n",
       "      <td>0.135835</td>\n",
       "      <td>0.208813</td>\n",
       "      <td>0.090850</td>\n",
       "      <td>0.039819</td>\n",
       "      <td>0.203400</td>\n",
       "      <td>0.251815</td>\n",
       "      <td>0.717684</td>\n",
       "      <td>0.120907</td>\n",
       "      <td>0.219959</td>\n",
       "    </tr>\n",
       "    <tr>\n",
       "      <th>EMBR3</th>\n",
       "      <td>0.055744</td>\n",
       "      <td>0.075680</td>\n",
       "      <td>0.069165</td>\n",
       "      <td>0.080450</td>\n",
       "      <td>0.051181</td>\n",
       "      <td>0.074938</td>\n",
       "      <td>0.052131</td>\n",
       "      <td>0.073787</td>\n",
       "      <td>0.062857</td>\n",
       "      <td>0.069075</td>\n",
       "      <td>0.045628</td>\n",
       "      <td>0.042670</td>\n",
       "      <td>0.082537</td>\n",
       "      <td>0.093488</td>\n",
       "      <td>0.120907</td>\n",
       "      <td>0.205053</td>\n",
       "      <td>0.090450</td>\n",
       "    </tr>\n",
       "    <tr>\n",
       "      <th>CSNA3</th>\n",
       "      <td>0.102228</td>\n",
       "      <td>0.257616</td>\n",
       "      <td>0.151079</td>\n",
       "      <td>0.199364</td>\n",
       "      <td>0.076359</td>\n",
       "      <td>0.294184</td>\n",
       "      <td>0.115123</td>\n",
       "      <td>0.159577</td>\n",
       "      <td>0.097090</td>\n",
       "      <td>0.121305</td>\n",
       "      <td>0.063757</td>\n",
       "      <td>0.053184</td>\n",
       "      <td>0.156807</td>\n",
       "      <td>0.127681</td>\n",
       "      <td>0.219959</td>\n",
       "      <td>0.090450</td>\n",
       "      <td>0.414842</td>\n",
       "    </tr>\n",
       "  </tbody>\n",
       "</table>\n",
       "</div>"
      ],
      "text/plain": [
       "           ITSA4     GOAU4     CMIG3     PETR4     TOTS3     USIM5     LAME4  \\\n",
       "ITSA4   0.106266  0.094993  0.098203  0.104835  0.050166  0.104282  0.075074   \n",
       "GOAU4   0.094993  0.328751  0.139799  0.177492  0.071271  0.274447  0.103135   \n",
       "CMIG3   0.098203  0.139799  0.240716  0.139415  0.066079  0.159084  0.104854   \n",
       "PETR4   0.104835  0.177492  0.139415  0.277875  0.073124  0.191634  0.114993   \n",
       "TOTS3   0.050166  0.071271  0.066079  0.073124  0.240080  0.065111  0.065522   \n",
       "USIM5   0.104282  0.274447  0.159084  0.191634  0.065111  0.433124  0.115517   \n",
       "LAME4   0.075074  0.103135  0.104854  0.114993  0.065522  0.115517  0.179010   \n",
       "BBAS3   0.123885  0.154817  0.148635  0.172577  0.075296  0.175969  0.114198   \n",
       "CIEL3   0.067584  0.087976  0.079999  0.092070  0.072754  0.102846  0.079862   \n",
       "LIGT3   0.087071  0.125427  0.159106  0.119288  0.056432  0.141380  0.084227   \n",
       "ABEV3   0.044329  0.056984  0.055980  0.058783  0.036927  0.056395  0.053773   \n",
       "KLBN11  0.023509  0.047403  0.031726  0.045892  0.027804  0.044733  0.037566   \n",
       "VVAR3   0.081927  0.140966  0.118915  0.119123  0.074328  0.152370  0.129063   \n",
       "CVCB3   0.093132  0.128543  0.126809  0.137196  0.074532  0.143734  0.121231   \n",
       "GOLL4   0.142570  0.217926  0.214762  0.219356  0.108289  0.270876  0.157290   \n",
       "EMBR3   0.055744  0.075680  0.069165  0.080450  0.051181  0.074938  0.052131   \n",
       "CSNA3   0.102228  0.257616  0.151079  0.199364  0.076359  0.294184  0.115123   \n",
       "\n",
       "           BBAS3     CIEL3     LIGT3     ABEV3    KLBN11     VVAR3     CVCB3  \\\n",
       "ITSA4   0.123885  0.067584  0.087071  0.044329  0.023509  0.081927  0.093132   \n",
       "GOAU4   0.154817  0.087976  0.125427  0.056984  0.047403  0.140966  0.128543   \n",
       "CMIG3   0.148635  0.079999  0.159106  0.055980  0.031726  0.118915  0.126809   \n",
       "PETR4   0.172577  0.092070  0.119288  0.058783  0.045892  0.119123  0.137196   \n",
       "TOTS3   0.075296  0.072754  0.056432  0.036927  0.027804  0.074328  0.074532   \n",
       "USIM5   0.175969  0.102846  0.141380  0.056395  0.044733  0.152370  0.143734   \n",
       "LAME4   0.114198  0.079862  0.084227  0.053773  0.037566  0.129063  0.121231   \n",
       "BBAS3   0.227995  0.095646  0.131219  0.055649  0.030508  0.138464  0.143079   \n",
       "CIEL3   0.095646  0.223958  0.084380  0.052282  0.026414  0.091474  0.089493   \n",
       "LIGT3   0.131219  0.084380  0.287086  0.051788  0.025331  0.138131  0.133126   \n",
       "ABEV3   0.055649  0.052282  0.051788  0.077112  0.027542  0.053780  0.073001   \n",
       "KLBN11  0.030508  0.026414  0.025331  0.027542  0.107001  0.051576  0.038653   \n",
       "VVAR3   0.138464  0.091474  0.138131  0.053780  0.051576  0.559256  0.157768   \n",
       "CVCB3   0.143079  0.089493  0.133126  0.073001  0.038653  0.157768  0.331533   \n",
       "GOLL4   0.216086  0.135835  0.208813  0.090850  0.039819  0.203400  0.251815   \n",
       "EMBR3   0.073787  0.062857  0.069075  0.045628  0.042670  0.082537  0.093488   \n",
       "CSNA3   0.159577  0.097090  0.121305  0.063757  0.053184  0.156807  0.127681   \n",
       "\n",
       "           GOLL4     EMBR3     CSNA3  \n",
       "ITSA4   0.142570  0.055744  0.102228  \n",
       "GOAU4   0.217926  0.075680  0.257616  \n",
       "CMIG3   0.214762  0.069165  0.151079  \n",
       "PETR4   0.219356  0.080450  0.199364  \n",
       "TOTS3   0.108289  0.051181  0.076359  \n",
       "USIM5   0.270876  0.074938  0.294184  \n",
       "LAME4   0.157290  0.052131  0.115123  \n",
       "BBAS3   0.216086  0.073787  0.159577  \n",
       "CIEL3   0.135835  0.062857  0.097090  \n",
       "LIGT3   0.208813  0.069075  0.121305  \n",
       "ABEV3   0.090850  0.045628  0.063757  \n",
       "KLBN11  0.039819  0.042670  0.053184  \n",
       "VVAR3   0.203400  0.082537  0.156807  \n",
       "CVCB3   0.251815  0.093488  0.127681  \n",
       "GOLL4   0.717684  0.120907  0.219959  \n",
       "EMBR3   0.120907  0.205053  0.090450  \n",
       "CSNA3   0.219959  0.090450  0.414842  "
      ]
     },
     "execution_count": 64,
     "metadata": {},
     "output_type": "execute_result"
    }
   ],
   "source": [
    "# the following command computes a covariance matrix using the risk model supplied in the method parameter\n",
    "cov1 = risk_models.risk_matrix(df)\n",
    "cov1"
   ]
  },
  {
   "cell_type": "code",
   "execution_count": 60,
   "metadata": {},
   "outputs": [
    {
     "data": {
      "text/html": [
       "<div>\n",
       "<style scoped>\n",
